0 10000 164.9
17 7134.65 168.55
-9 8633.15 166.5
-7 9760.15 161
18 6898.15 159
12 4984.75 159.45
9 3551.5 159.25
6 2589.4 160.35
-20 5806.4 160.85
-12 7725.8 159.95
14 5463.4 161.6
-12 7447.6 165.35
-9 8935.3 165.3
16 6304.9 164.4
11 4455.25 168.15
-15 6970.75 167.7
12 4939.15 169.3
-13 7134.2 168.85
-9 8629.55 166.15
15 6138.8 166.05
11 4343.6 163.2
7 3162 168.8
-18 6200.4 168.8
9 4507.95 188.05
-14 7084.65 184.05
11 5027.65 187
8 3531.25 187.05
5 2608.25 184.6
-19 6150.8 186.45
10 4374.3 177.65
7 3162.95 173.05
5 2337.2 165.15
4 1666.2 167.75
-22 5355.6 167.7
-13 7460.95 161.95
14 5276.25 156.05
10 3734.25 154.2
7 2653.8 154.35
4 2013.4 160.1
-22 5508.1 158.85
-13 7575.75 159.05
-9 9012.15 159.6
-6 9958.65 157.75
18 7102.05 158.7
-10 8698.05 159.6
-7 9768.7 152.95
19 6865.5 152.8
-11 8551.25 153.25
-7 9607.9 150.95
19 6795.9 148
13 4864.1 148.6
9 3524 148.9
6 2603.6 153.4
-22 5936.6 151.5
-13 7888.55 150.15
-9 9237.65 149.9
18 6585.35 147.35
12 4749.35 153
-15 7075.1 155.05
-10 8650.1 157.5
16 6158.1 155.75
11 4405.25 159.35
-16 6959.65 159.65
-10 8558.65 159.9
-7 9667.1 158.35
-4 10308.7 160.4
19 7289.6 158.9
13 5182.95 162.05
-14 7401.95 158.5
14 5196.95 157.5
9 3736.25 162.3
-18 6661.25 162.5
-10 8272.25 161.1
15 5848.25 161.6
10 4206.75 164.15
-17 6952.25 161.5
-10 8582.75 163.05
15 6064.25 167.9
-11 7901.8 167.05
-8 9198.6 162.1
-6 10177.8 163.2
18 7278 161.1
12 5154.6 176.95
-13 7426.35 174.75
12 5345.55 173.4
-13 7611.45 174.3
-9 9055.95 160.5
16 6415.95 165
-12 8230.35 151.2
16 5847.15 148.95
-13 7771.8 148.05
-9 9054.75 142.55
18 6416.85 146.55
12 4616.85 150
8 3374.45 155.3
-19 6325.15 155.3
-11 8043.9 156.25
-8 9268.3 153.05
17 6630.75 155.15
12 4752.15 156.55
-15 7128.15 158.4
-10 8689.15 156.1
-7 9791.3 157.45
-3 10257.5 155.4
0 10257.5 155.7
0 10257.5 150.95
19 7332.45 153.95
14 5172.95 154.25
9 3715.4 161.95
-18 6664.7 163.85
-10 8309.7 164.5
14 5937.4 169.45
-12 7975.6 169.85
-8 9326.8 168.9
-5 10163.8 167.4
18 7249.6 161.9
12 5228.2 168.45
9 3752.2 164
6 2754.1 166.35
4 2077.5 169.15
-23 5974.85 169.45
-13 8111.4 164.35
14 5777.6 166.7
10 4113.1 166.45
7 2959.85 164.75
-21 6458.45 166.6
-11 8309.75 168.3
-7 9442 161.75
16 6690.8 171.95
-10 8438.3 174.75
-7 9661.9 174.8
-5 10509.4 169.5
18 7515.1 166.35
13 5418.85 161.25
9 3952.3 162.95
7 2803.25 164.15
-22 6324.35 160.05
11 4583.05 158.3
8 3287.45 161.95
6 2308.55 163.15
-23 6087.45 164.3
-13 8168.1 160.05
15 5743.35 161.65
-13 7751.85 154.5
15 5481.6 151.35
10 3986.1 149.55
-19 6828.5 149.6
-11 8433.95 145.95
15 6027.95 160.4
-12 7929.35 158.45
-8 9189.35 157.5
-6 10135.3 157.65
-2 10446.8 155.75
21 7320.9 148.85
14 5204.8 151.15
-15 7417.3 147.5
14 5293.5 151.7
-15 7611 154.5
-9 9004.65 154.85
-6 9927.45 153.8
-4 10550.9 155.85
21 7386.15 150.7
14 5254.65 152.25
10 3679.15 157.55
-20 6845.15 158.3
12 4936.55 159.05
9 3458.3 164.25
-20 6732.3 163.7
-11 8493.95 160.15
15 6082.7 160.75
11 4296.85 162.35
-18 7082.35 154.75
13 5026.4 158.15
9 3591.35 159.45
6 2632.55 159.8
-22 6077.75 156.6
11 4384.3 153.95
8 3153.1 153.9
-21 6395.5 154.4
-12 8217.71 151.85
16 5863.31 147.15
11 4189.11 152.2
8 2996.31 149.1
5 2246.81 149.9
4 1640.21 151.65
3 1188.41 150.6
2 885.205 151.6
-28 5135.61 151.8
-16 7516.41 148.8
15 5324.91 146.1
10 3861.91 146.3
7 2818.56 149.05
-23 6221.41 147.95
-13 8111.61 145.4
16 5816.41 143.45
12 4134.01 140.2
8 3001.61 141.55
-23 6192.86 138.75
13 4336.46 142.8
-18 6827.66 138.4
14 4887.25 138.6
-17 7179.71 134.85
16 5048.5 133.2
-17 7255.1 129.8
16 5146.3 131.8
11 3660.75 135.05
-21 6541.95 137.2
13 4690.75 142.4
-17 7103.05 141.9
14 5110.85 142.3
9 3714.95 155.1
-20 6867.95 157.65
-11 8593.3 156.85
16 6074.9 157.4
-13 8091.85 155.15
-8 9296.65 150.6
18 6620.05 148.7
13 4687.6 148.65
9 3311.5 152.9
-22 6732.5 155.5
-12 8627.3 157.9
16 6058.5 160.55
-13 8152.16 161.05
-8 9445.75 161.7
-5 10235 157.85
18 7319.91 161.95
-10 8897.41 157.75
-7 9965.96 152.65
20 7003.96 148.1
13 5022.1 152.45
-17 7558.5 149.2
-9 8902.66 149.35
-7 9904.36 143.1
20 7036.36 143.4
-11 8613.21 143.35
17 6159.25 144.35
-14 8279.55 151.45
-8 9501.96 152.8
-6 10384 147
-4 10972.2 147.05
0 10972.2 140.35
23 7780.91 138.75
16 5476.91 144
11 3865.41 146.5
-22 7108.21 147.4
-12 8837.41 144.1
18 6276.91 142.25
13 4418.56 142.95
-21 7425.75 143.2
15 5311.5 140.95
11 3763.8 140.7
8 2650.21 139.2
5 1934.96 143.05
4 1367.36 141.9
2 1069.56 148.9
-31 5576.96 145.4
11 3979.21 145.25
-22 6972.31 136.05
15 4993.81 131.9
11 3533.56 132.75
-24 6655.96 130.1
14 4784.16 133.7
10 3454.66 132.95
7 2479.91 139.25
-27 6250.46 139.65
-15 8333.21 138.85
-9 9577.91 138.3
21 6830.06 130.85
14 4879.16 139.35
-20 7153.16 113.7
18 5066.06 115.95
-19 7287.16 116.9
17 5174.06 124.3
-18 7525.76 130.65
-11 8922.21 126.95
-8 9904.61 122.8
-5 10507.4 120.55
26 7362.66 120.95
18 5163.06 122.2
12 3658.26 125.4
8 2617.06 130.15
-28 6257.06 130
14 4444.06 129.5
10 3142.06 130.2
-27 6496.81 124.25
16 4558.41 121.15
10 3306.91 125.15
7 2427.01 125.7
-29 6085.36 126.15
13 4383.66 130.9
9 3194.76 132.1
-26 6691.76 134.5
-14 8639.16 139.1
18 6111.06 140.45
-16 8343.06 139.5
16 5963.86 148.7
-16 8333.46 148.1
16 5914.26 151.2
11 4164.71 159.05
-21 7454.36 156.65
-12 9327.56 156.1
-6 10274.7 157.85
19 7254.61 158.95
-12 9154.21 158.3
-7 10264.1 158.55
-4 10892.5 157.1
20 7703.46 159.45
-11 9452.46 159
-6 10412.2 159.95
-3 10891.6 159.8
-3 11366.6 158.35
21 8073.81 156.8
15 5745.06 155.25
10 4151.56 159.35
-21 7516.81 160.25
-12 9457.21 161.7
17 6640.31 165.7
-14 8976.91 166.9
15 6408.16 171.25
11 4496.36 173.8
-19 7869.81 177.55
13 5531.11 179.9
-17 8584.31 179.6
-9 10114.8 170.05
18 7087.16 168.2
12 5054.96 169.35
8 3679.76 171.9
-22 7377.96 168.1
13 5189.41 168.35
8 3803.41 173.25
-22 7685.31 176.45
-12 9775.71 174.2
-6 10818.2 173.75
-4 11510 172.95
-2 11852.9 171.45
-1 12020 167.05
22 8513.16 159.4
15 6061.41 163.45
11 4279.96 161.95
-22 7840.66 161.85
14 5597.86 160.2
10 3973.36 162.45
7 2825.01 164.05
5 1983.26 168.35
-28 6800.66 172.05
-16 9570.26 173.1
16 6774.26 174.75
11 4835.51 176.25
-21 8522.06 175.55
14 6034.26 177.7
10 4235.26 179.9
-22 8052.26 173.5
13 5764.26 176
9 4173.06 176.8
6 3080.46 182.1
-25 7727.96 185.9
-13 10150.5 186.35
-8 11625.3 184.35
-4 12370.9 186.4
-3 12914.2 181.1
21 9067.01 183.2
14 6445.51 187.25
10 4610.01 183.55
7 3305.21 186.4
-24 7823.21 188.25
12 5581.01 186.85
-19 9230.91 192.1
-10 11133.9 190.3
-6 12229.2 182.55
20 8592.21 181.85
13 6167.06 186.55
-18 9430.46 181.3
-10 11220 178.95
18 7969.16 180.6
-13 10279.3 177.7
-8 11637.7 169.8
20 8152.66 174.25
13 5869.86 175.6
-19 9090.36 169.5
15 6502.86 172.5
10 4655.36 184.75
-22 8729.76 185.2
-12 10983.4 187.8
-6 12046.6 177.2
19 8576.21 182.65
14 6019.81 182.6
9 4222.96 199.65
-22 8647.16 201.1
-13 11360.9 208.75
16 7954.51 212.9
-14 10933.7 212.8
-8 12408.9 184.4
21 8697.16 176.75
14 6232.46 176.05
10 4451.96 178.05
7 3177.26 182.1
-27 8172.26 185
12 5899.46 189.4
-21 9868.46 189
-11 11970 191.05
-6 13079.1 184.85
22 9174.11 177.5
16 6476.51 168.6
-21 9693.71 153.2
18 6924.41 153.85
-19 9818.11 152.3
18 7014.61 155.75
-19 9916.86 152.75
-10 11443.9 152.7
22 8128.46 150.7
15 5834.21 152.95
11 4115.46 156.25
-27 8315.31 155.55
-15 10661.3 156.4
20 7545.31 155.8
14 5356.41 156.35
-24 9111.21 156.45
-13 11099.6 152.95
22 7769.86 151.35
15 5465.11 153.65
-24 9140.71 153.15
-13 11101.1 150.8
-7 12151.1 150
-5 12902.6 150.3
-3 13335.1 144.15
27 9444.36 144.1
19 6697.91 144.55
13 4812.91 145
9 3499.81 145.9
6 2598.01 150.3
-34 7575.61 146.4
-18 10133.4 142.1
21 7221.76 138.65
15 5112.01 140.65
10 3692.01 142
7 2691.01 143
5 1956.26 146.95
-36 7302.26 148.5
-20 10361.3 152.95
-11 12045.9 153.15
23 8462.51 155.8
15 6058.76 160.25
-23 9777.86 161.7
-13 11874.1 161.25
-7 12996.9 160.4
23 9197.31 165.2
-14 11473.7 162.6
-8 12754.5 160.1
-6 13721.4 161.15
-3 14199.8 159.45
26 10097 157.8
19 7144.36 155.4
13 5109.21 156.55
9 3671.46 159.75
-31 8651.61 160.65
-17 11405.6 162
21 8042.46 160.15
-18 11004.4 164.55
-10 12628.9 162.45
-7 13737.7 158.4
24 9664.86 169.7
-13 11551.2 145.1
22 8175.26 153.45
15 5743.01 162.15
10 4043.01 170
-29 8993.3 170.7
15 6458.3 169
11 4567.95 171.85
-27 9251.1 173.45
-15 11813.9 170.85
20 8330.85 174.15
-18 11561 179.45
-9 13179.6 179.85
21 9396.46 180.15
15 6703.96 179.5
-22 10611.2 177.6
17 7599.61 177.15
12 5457.61 178.5
9 3877.66 175.55
-29 8929.46 174.2
-16 11677.5 171.75
20 8300.46 168.85
14 5919.75 170.05
-24 9963.75 168.5
-13 12159.5 168.9
