 226.87   223.34   227.25   222.28 
 223.77   222.21   224.80   220.20 
 224.29   227.96   228.41   220.58 
 227.99   230.78   232.35   226.73 
 232.07   230.05   233.47   229.78 
 229.28   227.25   230.00   226.63 
 227.26   227.95   229.42   226.35 
 225.74   224.79   225.84   224.02 
 224.95   223.82   226.44   223.54 
 220.42   221.00   223.75   219.76 
 222.19   219.75   222.82   219.70 
 220.79   216.82   221.26   216.63 
 217.66   220.78   221.36   217.29 
 220.03   220.24   222.28   219.15 
 218.37   218.50   219.62   215.30 
 218.24   217.79   221.85   217.12 
 217.88   222.15   222.95   217.27 
 223.84   225.75   226.84   222.52 
 226.41   223.52   228.35   222.57 
 221.07   224.94   225.00   219.84 
 223.85   218.01   224.30   216.56 
 218.33   220.95   221.85   216.47 
 221.30   221.85   225.37   220.71 
 223.10   226.23   227.35   221.30 
 226.87   228.99   229.67   225.10 
 228.36   228.41   229.18   226.63 
 227.63   226.51   228.87   226.00 
 225.03   223.25   228.26   222.40 
 222.98   220.15   223.49   219.41 
 219.70   219.01   220.54   218.92 
 217.94   217.15   218.74   216.33 
 216.16   216.60   216.90   215.11 
 215.49   214.65   217.05   214.60 
 215.05   214.10   216.36   213.84 
 215.04   216.80   217.19   214.03 
 215.46   218.10   219.18   215.11 
 217.58   213.44   217.95   213.16 
 213.32   211.75   213.81   211.47 
 210.24   209.22   210.74   208.33 
 209.75   210.16   210.56   208.26 
 208.87   207.70   210.95   207.70 
 207.53   207.36   209.10   206.67 
 208.88   207.28   209.78   207.20 
 207.25   206.05   207.81   204.52 
 207.11   209.32   209.50   206.76 
 209.07   208.00   209.25   207.07 
 207.99   207.03   208.74   205.48 
 207.39   200.58   208.38   200.35 
 201.50   199.13   201.76   197.31 
 190.29   190.30   192.14   189.34 
 189.91   191.90   192.20   189.07 
 190.98   194.99   195.19   190.10 
 194.21   194.61   195.96   193.61 
 194.82   193.06   194.85   192.43 
 193.00   192.45   193.66   192.05 
 191.61   190.68   191.96   189.56 
 191.44   191.78   192.43   190.17 
 191.88   189.69   192.55   189.69 
 190.40   191.78   191.80   189.93 
 191.45   189.75   191.87   189.20 
 190.91   191.52   192.65   190.41 
 191.33   191.08   191.84   190.90 
 191.03   189.53   191.41   189.31 
 187.88   188.50   189.78   187.61 
 190.35   190.71   191.28   190.18 
 190.58   189.50   190.68   189.30 
 187.97   185.42   188.43   185.20 
 185.40   185.26   186.41   184.28 
 183.92   187.79   187.95   183.54 
 187.18   183.82   187.30   183.42 
 185.11   186.29   187.19   182.91 
 185.50   184.10   186.21   183.80 
 184.16   185.23   187.28   184.03 
 184.43   182.99   186.53   182.54 
 182.17   183.40   184.92   180.73 
 184.92   186.12   186.15   184.70 
 185.46   187.25   188.35   184.94 
 186.50   186.35   187.20   185.73 
 185.69   185.14   186.33   183.45 
 188.74   187.88   189.22   187.20 
 188.84   190.03   190.16   188.26 
 190.80   191.55   191.57   190.22 
 190.70   192.42   192.88   190.44 
 192.28   191.38   192.61   191.15 
 191.23   191.35   191.97   190.21 
 191.70   191.17   192.00   189.77 
 193.46   194.14   194.20   192.34 
 193.98   193.63   194.08   191.92 
 193.31   193.06   193.94   192.36 
 191.83   191.63   193.42   191.35 
 190.24   187.99   190.26   187.75 
 186.87   187.22   188.23   186.14 
 187.50   187.72   188.00   186.78 
 187.90   187.60   188.75   186.87 
 188.58   188.23   189.65   187.65 
 188.15   188.77   188.84   186.21 
 188.36   186.35   188.50   185.76 
 187.16   188.38   188.88   186.78 
 187.63   188.00   189.27   186.91 
 186.31   187.19   187.81   186.13 
 186.99   188.00   188.91   186.36 
 188.18   186.07   188.46   186.00 
 186.44   186.78   187.07   185.10 
 188.15   189.01   189.53   187.86 
 188.59   189.49   190.06   187.45 
 190.04   187.74   190.37   187.65 
 187.36   186.55   187.40   185.22 
 186.05   184.99   186.22   183.66 
 185.16   185.18   187.67   184.75 
 183.83   178.25   184.25   178.17 
 176.89   175.88   177.50   174.44 
 176.57   175.22   177.75   173.80 
 169.10   166.41   169.20   165.27 
 165.26   162.13   167.26   161.84 
 162.32   164.00   164.33   160.63 
 164.22   164.12   165.73   163.37 
 163.65   162.62   165.42   162.41 
 162.94   165.67   166.33   161.22 
 165.24   166.83   166.92   164.09 
 165.72   170.59   171.22   165.43 
 172.80   174.95   175.39   172.66 
 177.84   177.81   178.82   176.88 
 178.24   176.49   178.94   176.41 
 175.82   175.03   176.19   174.83 
 174.73   174.78   175.84   173.85 
 174.14   173.41   175.00   173.04 
 172.44   172.23   173.92   171.70 
 173.25   173.00   174.00   171.53 
 170.05   169.88   173.09   169.84 
 168.38   170.97   172.48   168.20 
 172.80   172.58   174.23   172.08 
 171.61   164.88   172.01   164.77 
 168.39   167.64   168.75   164.88 
 166.68   167.88   168.94   164.47 
 167.78   167.81   171.75   166.90 
 166.48   167.25   170.02   165.19 
 168.34   173.68   175.15   166.92 
 172.77   168.07   173.10   166.44 
 164.94   168.39   169.92   164.94 
 168.85   170.00   172.68   168.60 
 171.27   175.04   175.09   171.26 
 175.24   175.24   176.80   174.94 
 175.30   177.32   177.47   173.66 
 178.02   178.65   179.12   177.62 
 178.65   178.50   180.24   178.07 
 178.44   180.32   180.52   177.81 
 179.97   182.59   183.50   179.24 
 181.72   180.29   182.39   180.21 
 179.98   177.96   180.00   177.39 
 176.94   175.48   177.12   175.07 
 175.03   174.94   175.85   174.27 
 176.67   177.91   178.25   176.13 
 176.82   175.21   177.74   174.52 
 176.21   172.80   176.30   172.45 
 175.00   178.54   179.78   172.66 
 178.12   179.26   180.62   178.05 
 178.39   179.10   180.48   178.16 
 178.97   176.35   179.39   176.21 
 175.50   173.67   175.65   173.54 
 172.50   171.80   173.95   171.71 
 171.07   172.83   174.12   171.01 
 171.85   172.05   174.26   171.42 
 172.43   172.36   174.82   171.77 
 172.99   169.79   173.09   169.00 
 167.37   163.04   167.54   162.88 
 164.34   161.95   164.75   161.65 
 162.71   158.50   163.89   157.51 
 156.41   157.07   157.89   150.24 
 155.15   160.29   161.00   155.03 
 159.54   163.09   163.40   159.07 
 163.03   154.83   163.72   154.00 
 156.49   159.10   163.88   156.00 
 160.50   166.00   166.80   160.10 
 167.78   167.16   168.62   166.76 
 167.43   166.87   168.44   166.50 
 166.97   165.53   167.37   164.70 
 167.96   170.16   170.16   167.07 
 171.51   172.00   172.00   170.06 
 171.11   174.50   174.95   170.53 
 174.22   177.25   177.30   173.20 
 177.04   177.30   179.44   176.82 
 177.00   177.30   177.78   176.60 
 178.46   178.61   179.58   177.41 
 179.26   179.37   180.10   178.25 
 179.10   176.15   179.25   175.07 
 176.19   177.90   179.39   176.14 
 177.09   176.18   177.36   175.65 
 175.28   174.59   175.49   174.49 
 174.29   173.16   174.30   173.00 
 174.33   174.55   175.06   173.41 
 174.35   174.35   175.61   173.93 
 175.00   173.44   175.37   173.05 
 173.03   172.54   173.47   172.08 
 172.23   172.53   174.55   171.96 
 172.26   170.16   172.30   169.26 
 169.23   170.52   170.59   169.22 
 171.08   171.00   171.85   170.48 
 170.60   170.10   170.78   169.71 
 170.57   170.80   171.47   169.68 
 175.01   174.68   175.42   174.50 
 175.01   174.17   176.02   174.10 
 174.35   174.87   175.42   173.25 
 174.54   175.03   175.39   174.09 
 176.42   174.88   177.20   174.86 
 173.97   173.63   174.17   172.46 
 172.22   172.40   173.13   171.65 
 172.27   172.50   173.54   172.00 
 171.70   172.15   172.39   171.46 
 172.67   169.20   172.89   168.79 
 169.37   170.49   171.00   168.82 
 169.32   169.03   170.44   168.91 
 169.01   167.50   170.20   166.46 
 169.64   169.06   171.52   168.40 
 169.80   172.48   172.62   169.63 
 171.05   169.95   171.67   168.50 
 171.85   170.43   172.14   168.44 
 169.48   172.63   172.92   167.16 
 173.07   174.30   174.87   171.86 
 174.09   175.05   175.08   173.34 
 174.97   175.10   175.50   174.65 
 174.96   173.36   175.00   173.05 
 173.14   170.78   173.70   170.78 
 169.98   170.29   170.56   169.56 
 170.15   171.04   171.39   169.64 
 171.10   171.18   171.87   170.30 
 169.08   169.97   170.32   168.38 
 171.34   173.04   173.48   171.18 
 173.97   173.50   174.50   173.40 
 174.67   175.11   175.38   174.27 
 175.88   175.11   176.09   173.14 
 176.24   174.66   176.24   174.33 
 174.81   173.91   175.25   173.60 
 174.25   172.37   174.99   171.72 
 172.50   174.00   174.26   171.12 
 168.11   167.64   168.50   165.28 
 166.89   169.87   169.94   165.61 
 169.04   167.90   169.65   166.94 
 166.72   163.89   168.07   163.72 
 163.05   159.29   163.60   158.70 
 157.41   157.23   157.83   156.78 
 156.41   156.91   157.55   155.27 
 157.10   156.29   157.42   156.20 
 156.17   156.89   157.69   155.50 
 156.25   156.61   157.75   155.96 
 155.98   156.75   157.08   155.02 
 159.76   160.42   160.71   159.60 
 160.47   159.78   160.87   159.23 
 159.88   157.90   160.00   157.65 
 156.99   156.73   157.28   156.41 
 156.00   156.35   157.37   155.73 
 156.55   155.97   156.98   155.75 
 155.90   156.06   158.00   155.10 
 155.84   155.81   156.73   155.49 
 155.30   154.97   155.49   154.56 
 155.39   154.18   155.44   154.05 
 153.48   153.63   153.86   152.46 
 154.48   154.01   155.09   153.91 
 153.81   154.26   154.45   152.72 
 154.12   153.21   154.13   152.00 
 153.28   153.89   154.28   152.70 
 154.23   153.80   154.72   153.54 
 153.14   151.78   153.92   151.69 
 150.55   149.99   151.83   149.16 
 151.89   152.02   152.27   150.56 
 153.39   155.80   155.80   152.75 
 156.07   157.90   158.26   153.83 
 158.73   159.51   159.77   158.44 
 158.67   160.11   160.50   158.00 
 159.88   158.47   160.97   158.00 
 158.28   158.99   159.40   158.09 
 159.65   159.87   159.96   157.91 
 160.86   162.61   163.96   158.77 
 161.50   160.50   162.05   159.89 
 158.63   160.86   161.15   158.53 
 161.26   162.09   162.24   160.36 
 161.91   162.71   162.99   160.52 
 162.08   163.75   164.25   160.56 
 164.05   164.80   164.94   163.63 
 164.00   163.64   164.52   163.48 
 163.35   163.80   163.89   162.61 
 162.91   160.10   163.12   160.00 
 161.47   160.14   162.00   159.93 
 159.86   159.65   160.56   159.27 
 159.27   160.43   160.74   158.55 
 159.98   159.07   160.47   158.88 
 159.78   158.23   160.00   158.02 
 157.21   157.50   157.89   155.11 
 157.50   157.86   159.50   156.72 
 157.86   160.52   160.71   157.84 
 160.95   161.94   162.51   160.15 
 161.60   160.66   162.19   160.14 
 159.85   159.32   160.21   158.75 
 157.48   156.60   158.57   156.07 
 155.32   159.90   160.00   154.63 
 161.06   159.26   161.27   159.11 
 160.08   158.60   161.83   158.27 
 158.81   157.06   158.92   156.67 
 156.39   156.07   157.40   155.69 
 155.57   157.05   157.21   155.02 
 157.14   159.28   159.75   156.16 
 150.05   149.10   150.22   148.41 
 148.73   149.90   150.33   148.13 
 149.50   149.89   150.23   149.19 
 150.56   153.75   153.99   147.30 
 153.46   153.35   153.93   153.06 
 152.74   151.80   153.84   151.80 
 152.09   150.58   152.44   149.90 
 150.27   149.99   150.44   148.88 
 150.34   151.50   151.74   150.19 
 151.02   150.48   151.42   149.95 
 150.08   149.20   150.13   148.67 
 149.56   148.82   150.90   148.57 
 149.04   147.97   149.33   147.33 
 147.77   145.50   148.49   145.44 
 145.74   145.87   146.18   144.82 
 145.53   144.73   145.85   144.38 
 145.06   144.11   145.95   143.37 
 144.18   142.90   144.75   142.90 
 142.73   143.02   143.50   142.41 
 144.09   143.69   144.79   142.72 
 143.50   144.88   145.30   143.10 
 144.02   144.45   144.96   143.78 
 143.68   144.71   145.13   142.28 
 145.83   144.49   146.11   143.16 
 143.73   145.01   146.16   143.62 
 145.82   147.17   148.28   145.38 
 146.28   145.13   147.16   145.11 
 145.63   145.77   146.70   145.12 
 145.87   145.52   146.07   144.61 
 145.01   146.87   146.87   144.94 
 146.34   143.66   146.74   143.66 
 142.27   143.78   144.50   142.20 
 144.29   143.32   144.48   142.21 
 145.16   147.50   147.50   143.84 
 146.59   147.16   147.45   145.15 
 145.42   145.74   146.09   142.51 
 148.98   155.19   155.19   146.02 
 154.99   155.25   155.54   154.40 
 155.37   155.02   155.98   154.48 
 154.45   153.90   155.81   153.78 
 153.93   154.34   154.45   153.46 
 155.45   153.58   155.45   152.89 
 153.18   153.17   153.33   152.22 
 152.76   153.97   154.17   152.38 
 153.67   153.42   154.43   153.33 
 153.61   154.00   154.24   153.31 
 153.87   153.73   154.35   153.03 
 153.34   153.84   154.17   152.67 
 153.80   154.90   154.90   153.31 
 153.99   154.00   154.58   152.91 
 153.06   153.38   153.98   152.63 
 152.54   151.27   153.34   151.13 
 150.25   153.60   154.57   149.71 
 155.47   155.94   156.06   154.72 
 155.70   156.01   156.65   155.05 
 156.10   154.70   156.42   154.67 
 153.95   152.45   154.07   152.31 
 153.26   153.63   153.94   152.11 
 153.99   153.87   154.88   153.45 
 153.01   149.03   153.70   149.03 
 148.96   146.76   148.98   146.76 
 146.53   146.52   147.14   145.81 
 147.06   145.59   147.49   144.27 
 147.51   147.54   148.09   146.84 
 146.58   145.10   147.20   144.96 
 143.65   144.09   144.30   143.27 
 143.79   143.92   144.16   143.31 
 143.68   144.47   144.60   143.38 
 144.53   143.91   144.90   143.87 
 143.64   143.50   143.95   143.18 
 142.27   142.44   142.68   141.85 
 142.44   141.22   142.92   141.16 
 140.68   141.88   142.00   140.45 
 141.20   141.41   142.04   141.11 
 141.83   141.48   141.88   140.87 
 141.05   141.91   142.38   141.05 
 141.80   141.60   142.15   141.01 
 141.63   142.94   143.35   140.06 
 143.17   143.60   143.88   142.90 
 143.34   143.73   144.18   143.27 
 143.66   144.29   144.52   143.45 
 144.02   144.22   145.46   143.81 
 144.77   143.25   144.89   143.17 
 143.70   143.71   144.12   143.05 
 143.66   143.72   144.27   143.01 
 143.93   144.19   144.50   143.50 
 144.12   143.68   144.49   143.19 
 143.80   140.91   144.04   140.62 
 140.88   139.39   141.22   138.62 
 140.64   141.50   141.74   140.35 
 140.92   141.26   141.58   140.61 
 141.42   139.84   141.60   139.76 
 139.84   142.11   142.80   139.73 
 141.46   140.40   141.50   140.23 
 139.99   141.00   141.00   139.89 
 140.69   140.72   141.02   140.26 
 140.46   139.41   140.75   139.03 
 138.99   139.30   139.65   138.84 
 139.20   138.85   139.43   138.82 
 139.14   139.25   139.36   138.64 
 138.68   138.74   138.79   137.05 
 139.00   138.95   139.80   138.82 
 139.52   139.06   139.98   138.79 
 139.34   139.37   139.77   138.60 
 139.78   138.78   139.83   138.59 
 138.96   140.00   140.28   138.76 
 139.79   137.89   140.15   137.59 
 136.99   137.08   137.44   136.70 
 136.93   137.14   137.44   136.28 
 136.66   135.91   136.66   135.28 
 136.53   137.38   137.48   136.30 
 137.11   136.43   137.12   136.11 
 136.70   136.23   136.75   135.98 
 135.72   135.10   135.83   135.10 
 135.34   135.67   135.90   134.84 
 135.51   135.52   136.27   134.62 
 135.02   133.47   135.09   133.25 
 133.29   133.08   133.82   132.75 
 132.12   132.46   132.94   132.05 
 132.42   131.65   132.44   131.12 
 132.04   131.35   132.22   131.22 
 131.53   130.54   132.09   130.45 
 130.29   129.13   130.50   128.90 
 129.08   128.31   129.19   128.16 
 128.53   127.97   129.39   127.78 
 128.75   127.03   130.49   127.01 
 121.35   121.15   121.39   120.62 
 121.63   120.93   121.63   120.66 
 121.95   122.14   122.35   121.60 
 121.94   121.67   122.44   121.60 
 121.88   120.42   122.10   120.28 
 119.97   119.55   120.10   119.50 
 120.08   120.00   120.81   119.77 
 120.00   120.45   120.45   119.73 
 119.78   119.40   120.09   119.37 
 119.99   120.00   120.50   119.71 
 120.00   118.34   120.24   118.22 
 119.04   119.11   119.62   118.81 
 119.25   118.89   119.30   118.21 
 119.75   118.74   119.93   118.60 
 119.11   118.77   119.38   118.30 
 118.99   117.95   119.43   117.94 
 117.91   116.78   118.16   116.47 
 116.61   115.92   116.86   115.81 
 116.02   115.85   116.51   115.75 
 116.15   115.80   116.33   114.76 
 115.82   116.65   117.20   115.43 
 116.73   116.45   117.11   116.40 
 116.76   117.52   118.02   116.20 
 117.26   116.52   117.80   116.49 
 116.52   115.59   116.52   115.59 
 116.29   116.35   116.51   115.64 
 117.06   116.80   117.40   116.78 
 116.95   116.74   117.50   116.68 
 116.64   115.80   117.38   115.75 
 115.97   116.47   116.50   115.64 
 115.82   115.38   116.73   115.23 
 115.19   115.04   116.20   114.98 
 115.19   113.84   115.92   113.75 
 113.30   113.29   115.00   112.49 
 113.95   112.31   114.70   112.31 
 112.12   110.86   112.43   110.60 
 111.03   109.26   111.19   109.16 
 109.95   109.50   110.36   109.19 
 109.11   110.00   110.03   108.25 
 109.90   109.17   110.09   108.85 
 109.49   110.36   110.94   109.03 
 110.52   111.60   112.20   110.27 
 111.46   110.78   112.03   110.07 
 111.57   111.43   112.47   111.39 
 111.79   111.13   111.87   110.95 
 111.23   111.36   111.51   110.33 
 111.80   111.95   112.42   111.40 
 111.73   110.12   111.99   110.01 
 110.06   109.72   110.54   109.66 
 109.95   109.81   110.35   108.83 
 109.99   106.70   110.23   106.60 
 107.11   106.57   107.68   106.16 
 105.71   107.71   107.81   104.08 
 108.43   107.12   108.87   106.55 
 107.79   111.09   111.09   105.83 
 110.88   109.88   111.32   108.05 
 111.06   110.31   111.72   109.70 
 110.41   110.08   110.51   109.46 
 108.84   108.53   110.25   108.11 
 109.83   110.98   111.46   109.55 
 111.59   111.40   112.35   111.23 
 111.49   113.46   113.77   110.53 
 113.54   113.65   114.23   113.20 
 113.72   113.87   115.21   113.45 
 114.48   115.39   115.86   114.10 
 115.59   114.31   115.70   113.31 
 118.25   117.95   118.36   117.31 
 117.65   117.10   117.74   117.00 
 116.60   116.81   116.91   116.28 
 117.06   116.86   117.38   116.33 
 117.12   117.25   117.76   113.80 
 117.47   118.18   118.21   117.45 
 117.55   117.33   117.84   116.78 
 117.63   117.88   118.17   117.13 
 116.98   116.79   117.44   115.72 
 117.34   117.35   117.98   116.75 
 116.30   117.70   118.69   116.20 
 116.05   115.02   116.75   114.72 
 114.06   114.31   114.56   113.51 
 113.89   113.70   114.34   113.13 
 113.05   113.40   113.66   112.69 
 113.00   113.06   114.31   112.63 
 112.52   112.71   113.05   112.28 
 113.05   112.46   113.37   111.80 
 112.18   113.16   113.80   111.80 
 113.95   113.69   114.64   113.43 
 113.09   113.00   113.18   112.34 
 112.88   111.64   113.39   111.55 
 112.71   114.42   114.79   111.55 
 114.62   114.35   114.94   114.00 
 113.55   113.85   113.99   112.44 
 113.57   113.05   114.12   112.51 
 113.58   115.19   116.18   113.25 
 114.92   115.12   116.13   114.04 
 115.57   113.86   115.73   113.49 
 111.77   108.73   113.03   108.60 
 107.95   107.51   108.79   107.24 
 105.44   102.65   105.72   102.53 
