 172.95   173.10   174.90   171.10 
 173.65   173.60   175.70   172.75 
 173.50   174.00   176.20   172.85 
 173.90   172.55   174.30   171.50 
 172.30   168.30   173.20   167.55 
 169.05   162.00   171.55   162.00 
 162.20   162.10   163.45   160.30 
 161.60   161.00   164.15   160.65 
 162.85   166.10   166.80   162.15 
 165.60   164.70   167.40   163.10 
 164.90   168.70   169.20   164.40 
 168.55   167.60   169.65   166.40 
 166.50   160.65   167.70   160.60 
 161.00   162.85   164.25   160.50 
 159.00   163.00   163.00   158.30 
 159.45   159.35   160.70   158.00 
 159.25   160.35   161.70   157.35 
 160.35   160.80   162.40   160.00 
 160.85   161.30   162.20   160.05 
 159.95   160.10   162.75   159.55 
 161.60   166.45   167.35   161.00 
 165.35   165.90   168.50   165.00 
 165.30   165.00   166.60   163.90 
 164.40   168.50   168.50   164.10 
 168.15   168.70   169.85   167.05 
 167.70   169.15   170.55   167.20 
 169.30   170.10   170.75   168.05 
 168.85   166.00   169.45   164.85 
 166.15   166.15   168.35   164.50 
 166.05   165.40   167.75   163.65 
 163.20   169.00   170.40   162.75 
 168.80   170.00   171.25   166.15 
 168.80   182.80   183.00   168.00 
 188.05   185.70   191.00   184.55 
 184.05   187.00   187.70   180.80 
 187.00   187.35   188.60   182.25 
 187.05   184.95   190.40   183.20 
 184.60   187.00   191.70   183.70 
 186.45   178.00   187.25   176.10 
 177.65   172.90   178.85   170.65 
 173.05   166.40   173.70   165.30 
 165.15   167.30   168.80   164.35 
 167.75   167.10   170.30   165.10 
 167.70   163.00   169.20   162.30 
 161.95   156.50   164.00   155.25 
 156.05   155.30   156.50   154.50 
 154.20   153.50   157.00   153.15 
 154.35   159.40   160.70   153.55 
 160.10   158.50   160.80   157.85 
 158.85   159.40   160.85   157.85 
 159.05   160.40   162.00   158.35 
 159.60   157.75   160.00   157.00 
 157.75   159.15   159.70   156.70 
 158.70   160.00   160.65   158.00 
 159.60   153.90   160.20   153.25 
 152.95   153.50   154.15   151.25 
 152.80   154.00   155.00   152.40 
 153.25   151.00   154.60   151.00 
 150.95   149.55   151.60   149.30 
 148.00   148.00   149.85   147.40 
 148.60   149.10   150.20   146.70 
 148.90   153.95   154.60   147.60 
 153.40   151.60   153.90   151.30 
 151.50   150.00   152.40   148.35 
 150.15   150.25   152.65   149.10 
 149.90   147.70   151.00   146.10 
 147.35   152.00   152.35   146.00 
 153.00   155.00   156.35   152.60 
 155.05   157.00   157.00   153.30 
 157.50   156.70   158.20   154.55 
 155.75   159.00   160.20   155.00 
 159.35   159.50   160.70   158.20 
 159.65   160.50   162.70   158.85 
 159.90   157.00   161.40   156.40 
 158.35   161.00   161.05   157.85 
 160.40   158.50   161.00   156.60 
 158.90   162.00   162.00   157.65 
 162.05   159.10   162.75   157.20 
 158.50   159.20   159.60   157.30 
 157.50   163.00   164.60   156.60 
 162.30   163.30   164.15   161.90 
 162.50   161.00   163.00   160.50 
 161.10   160.80   164.50   159.40 
 161.60   164.70   165.80   160.85 
 164.15   161.80   164.80   161.10 
 161.50   163.00   165.50   160.60 
 163.05   162.00   164.85   161.00 
 167.90   168.50   171.15   165.85 
 167.05   160.20   168.65   158.50 
 162.10   164.70   164.80   160.60 
 163.20   163.80   165.30   159.00 
 161.10   179.55   179.55   159.50 
 176.95   175.90   178.00   172.50 
 174.75   174.80   179.60   172.65 
 173.40   177.30   178.45   168.25 
 174.30   167.40   177.25   165.60 
 160.50   164.00   169.90   158.60 
 165.00   155.30   166.30   155.00 
 151.20   137.00   153.00   135.25 
 148.95   148.20   149.70   146.00 
 148.05   147.00   149.20   144.45 
 142.55   149.15   149.15   141.30 
 146.55   149.30   150.85   146.05 
 150.00   152.80   152.80   149.60 
 155.30   156.60   157.35   154.05 
 155.30   157.15   157.15   155.00 
 156.25   153.80   156.65   153.10 
 153.05   154.85   155.75   152.40 
 155.15   156.55   159.00   153.95 
 156.55   159.00   159.50   155.55 
 158.40   156.40   160.40   156.40 
 156.10   157.90   157.90   154.60 
 157.45   155.10   158.45   155.10 
 155.40   156.65   157.30   154.10 
 155.70   152.45   156.25   151.50 
 150.95   154.10   155.75   150.10 
 153.95   155.20   155.95   153.10 
 154.25   161.25   161.35   151.20 
 161.95   164.50   165.20   161.40 
 163.85   164.70   165.70   162.60 
 164.50   169.95   169.95   163.50 
 169.45   172.50   173.20   168.50 
 169.85   169.50   171.40   165.65 
 168.90   168.10   170.60   167.75 
 167.40   160.50   168.20   160.05 
 161.90   169.50   170.90   159.55 
 168.45   163.90   169.70   163.50 
 164.00   167.15   167.70   163.55 
 166.35   168.50   169.40   165.50 
 169.15   169.95   172.40   168.20 
 169.45   167.10   170.00   166.65 
 164.35   166.25   168.30   163.90 
 166.70   167.15   168.35   165.35 
 166.45   166.95   167.90   165.40 
 164.75   168.25   171.35   164.15 
 166.60   168.35   168.90   164.15 
 168.30   162.00   168.70   161.75 
 161.75   167.95   167.95   161.15 
 171.95   174.60   174.85   171.25 
 174.75   175.50   177.45   173.30 
 174.80   171.25   177.65   170.50 
 169.50   168.00   170.90   167.60 
 166.35   161.70   166.90   161.15 
 161.25   163.50   164.25   160.60 
 162.95   164.50   165.70   161.90 
 164.15   161.00   164.75   160.55 
 160.05   158.40   160.70   157.10 
 158.30   161.75   163.20   157.60 
 161.95   163.95   164.80   161.40 
 163.15   164.30   165.25   162.35 
 164.30   160.30   165.00   158.35 
 160.05   160.95   162.35   157.70 
 161.65   155.95   162.80   155.10 
 154.50   152.15   154.90   151.85 
 151.35   149.50   152.40   149.15 
 149.55   150.00   151.40   147.10 
 149.60   147.00   152.20   144.55 
 145.95   153.00   153.15   145.00 
 160.40   159.00   161.25   155.35 
 158.45   157.25   160.55   156.30 
 157.50   158.80   159.75   154.65 
 157.65   157.70   159.70   156.25 
 155.75   151.00   157.35   146.55 
 148.85   150.50   154.90   148.00 
 151.15   148.60   152.40   146.30 
 147.50   153.00   153.50   146.00 
 151.70   154.50   155.10   151.10 
 154.50   155.15   156.85   153.75 
 154.85   155.00   156.65   153.50 
 153.80   156.45   158.75   153.10 
 155.85   150.50   157.10   148.90 
 150.70   152.40   153.00   149.50 
 152.25   158.00   158.90   151.70 
 157.55   159.00   159.35   157.25 
 158.30   159.50   162.50   156.50 
 159.05   165.00   166.55   158.20 
 164.25   164.90   168.80   163.30 
 163.70   159.10   166.90   159.10 
 160.15   161.05   161.95   158.65 
 160.75   163.20   165.00   159.40 
 162.35   158.10   162.70   157.60 
 154.75   158.15   158.90   153.60 
 158.15   160.00   162.15   157.45 
 159.45   160.45   162.30   158.75 
 159.80   157.95   161.75   157.50 
 156.60   154.05   157.85   153.65 
 153.95   155.35   155.65   153.50 
 153.90   155.00   156.00   153.35 
 154.40   152.45   155.00   150.50 
 151.85   146.10   152.60   146.10 
 147.15   144.95   147.95   140.80 
 152.20   149.90   153.30   149.30 
 149.10   149.55   151.60   148.30 
 149.90   151.90   152.90   149.05 
 151.65   147.85   152.60   147.50 
 150.60   152.95   153.20   148.70 
 151.60   151.25   153.70   148.50 
 151.80   149.50   153.50   148.20 
 148.80   148.00   149.50   147.20 
 146.10   144.20   147.50   142.20 
 146.30   148.30   150.80   145.25 
 149.05   147.90   151.65   146.65 
 147.95   145.95   149.40   144.25 
 145.40   144.75   146.90   142.90 
 143.45   140.95   144.35   140.25 
 140.20   142.00   144.45   139.35 
 141.55   138.45   142.30   137.45 
 138.75   143.30   143.40   137.90 
 142.80   138.70   143.45   136.80 
 138.40   141.00   141.40   136.50 
 138.60   135.90   140.80   134.40 
 134.85   133.55   136.35   132.50 
 133.20   131.85   134.20   130.50 
 129.80   131.25   131.90   128.25 
 131.80   135.80   136.40   131.30 
 135.05   136.85   138.70   134.50 
 137.20   142.00   142.00   136.20 
 142.40   140.00   143.60   140.00 
 141.90   143.30   144.65   139.70 
 142.30   150.00   150.00   139.75 
 155.10   157.50   157.50   154.10 
 157.65   159.75   160.15   155.20 
 156.85   154.45   158.15   152.80 
 157.40   155.00   158.25   152.40 
 155.15   152.00   156.40   150.80 
 150.60   148.70   152.50   148.55 
 148.70   149.95   150.95   146.80 
 148.65   152.55   154.60   148.00 
 152.90   156.25   159.40   152.10 
 155.50   157.80   158.50   155.10 
 157.90   160.60   162.60   152.85 
 160.55   160.40   163.30   159.20 
 161.05   161.70   163.35   159.80 
 161.70   157.45   162.15   156.25 
 157.85   162.25   162.45   156.55 
 161.95   156.85   163.90   155.40 
 157.75   155.00   162.30   154.60 
 152.65   148.55   153.70   146.50 
 148.10   151.10   151.90   146.90 
 152.45   151.85   153.90   151.30 
 149.20   149.70   150.85   148.00 
 149.35   143.10   150.10   143.10 
 143.10   143.00   144.10   141.75 
 143.40   143.45   146.40   142.15 
 143.35   144.40   144.90   141.60 
 144.35   150.90   152.30   143.60 
 151.45   154.00   154.15   149.65 
 152.80   145.70   153.50   145.35 
 147.00   147.00   149.40   145.25 
 147.05   142.00   148.75   140.80 
 140.35   138.35   141.45   137.70 
 138.75   145.00   145.00   137.20 
 144.00   145.25   145.75   142.85 
 146.50   147.65   147.80   144.70 
 147.40   145.65   147.80   144.70 
 144.10   143.45   144.50   141.75 
 142.25   146.00   146.70   141.00 
 142.95   145.00   146.40   141.20 
 143.20   142.00   144.00   140.80 
 140.95   142.90   143.20   140.40 
 140.70   139.00   142.20   137.50 
 139.20   144.00   144.30   138.30 
 143.05   140.00   143.40   139.55 
 141.90   143.90   147.45   140.60 
 148.90   146.00   150.50   143.60 
 145.40   147.40   147.40   141.20 
 145.25   144.50   152.10   143.10 
 136.05   134.35   136.80   133.00 
 131.90   133.25   139.20   127.10 
 132.75   133.75   134.25   126.70 
 130.10   135.35   135.85   129.25 
 133.70   130.75   136.25   130.05 
 132.95   139.00   139.25   132.35 
 139.25   140.00   141.50   136.65 
 139.65   136.75   141.85   136.50 
 138.85   141.70   146.25   135.40 
 138.30   131.20   140.45   126.30 
 130.85   140.75   140.75   129.70 
 139.35   118.50   142.10   118.50 
 113.70   117.00   117.40   109.35 
 115.95   115.60   121.60   112.65 
 116.90   124.00   124.00   115.60 
 124.30   128.00   131.55   123.55 
 130.65   127.90   134.70   127.10 
 126.95   123.40   128.05   121.65 
 122.80   123.00   124.70   120.85 
 120.55   119.40   122.60   116.30 
 120.95   122.55   127.85   120.10 
 122.20   125.25   126.85   121.10 
 125.40   128.80   130.70   122.65 
 130.15   129.90   132.70   128.35 
 130.00   128.70   131.40   125.35 
 129.50   132.40   133.15   128.50 
 130.20   126.30   131.60   126.25 
 124.25   123.55   126.50   121.10 
 121.15   122.80   123.00   118.05 
 125.15   127.55   129.20   124.25 
 125.70   127.00   131.50   124.45 
 126.15   130.95   133.00   124.60 
 130.90   129.80   131.85   126.25 
 132.10   136.20   137.40   127.50 
 134.50   138.55   140.40   133.70 
 139.10   138.00   140.20   134.55 
 140.45   140.95   143.45   139.35 
 139.50   147.00   147.00   138.80 
 148.70   148.00   150.95   146.60 
 148.10   152.70   152.70   146.30 
 151.20   158.10   158.80   150.50 
 159.05   157.20   159.90   156.00 
 156.65   156.10   159.00   154.00 
 156.10   158.90   159.40   155.30 
 157.85   159.40   159.50   157.10 
 158.95   159.25   159.95   158.40 
 158.30   158.60   159.75   157.40 
 158.55   158.60   159.00   157.50 
 157.10   159.55   161.40   156.55 
 159.45   159.25   160.40   157.50 
 159.00   159.75   162.80   158.30 
 159.95   161.00   163.40   158.60 
 159.80   159.90   161.80   157.25 
 158.35   157.00   159.20   155.00 
 156.80   154.00   158.70   153.30 
 155.25   160.30   161.30   150.45 
 159.35   161.30   162.00   156.30 
 160.25   161.05   163.80   159.50 
 161.70   165.10   167.25   160.85 
 165.70   168.15   170.00   165.05 
 166.90   170.00   170.00   165.55 
 171.25   170.80   173.20   170.80 
 173.80   177.55   179.05   173.30 
 177.55   179.90   180.80   176.30 
 179.90   179.40   182.50   178.70 
 179.60   171.70   180.25   170.70 
 170.05   169.40   172.00   167.20 
 168.20   169.00   171.15   167.85 
 169.35   172.10   172.75   168.40 
 171.90   168.00   173.20   166.00 
 168.10   170.05   170.05   166.70 
 168.35   172.75   173.20   167.60 
 173.25   177.00   177.40   172.65 
 176.45   173.90   177.20   173.40 
 174.20   172.00   175.35   169.50 
 173.75   174.90   175.00   173.25 
 172.95   169.40   173.90   167.85 
 171.45   162.55   172.50   161.70 
 167.05   158.50   169.20   140.10 
 159.40   163.00   163.40   158.50 
 163.45   164.00   165.40   162.25 
 161.95   163.20   164.30   161.25 
 161.85   161.00   162.75   156.60 
 160.20   162.10   164.80   159.55 
 162.45   164.20   165.70   161.80 
 164.05   166.80   167.00   161.50 
 168.35   172.20   172.85   167.95 
 172.05   173.70   174.90   171.05 
 173.10   176.10   176.70   172.50 
 174.75   176.45   177.40   171.60 
 176.25   176.00   178.60   175.10 
 175.55   177.50   178.85   174.40 
 177.70   179.70   179.80   175.10 
 179.90   174.90   180.40   174.20 
 173.50   174.00   176.50   173.00 
 176.00   175.10   178.40   174.20 
 176.80   172.50   179.65   169.30 
 182.10   187.60   188.70   181.30 
 185.90   186.50   191.00   184.20 
 186.35   184.20   187.00   183.55 
 184.35   187.00   187.00   182.20 
 186.40   183.00   187.20   182.50 
 181.10   185.25   185.70   180.50 
 183.20   188.90   189.40   181.55 
 187.25   181.00   189.00   178.85 
 183.55   187.90   188.75   183.00 
 186.40   188.00   190.30   185.30 
 188.25   183.10   190.25   182.45 
 186.85   193.55   196.25   185.10 
 192.10   186.50   192.80   186.20 
 190.30   185.00   192.25   184.00 
 182.55   184.00   184.35   179.90 
 181.85   185.00   187.25   180.75 
 186.55   182.00   187.20   181.00 
 181.30   181.25   185.00   179.20 
 178.95   175.60   180.90   173.05 
 180.60   182.00   182.40   176.80 
 177.70   171.95   180.70   169.45 
 169.80   175.80   180.00   168.70 
 174.25   174.95   175.45   164.85 
 175.60   172.60   178.50   169.50 
 169.50   175.95   175.95   166.55 
 172.50   181.25   183.15   170.65 
 184.75   184.20   189.80   183.00 
 185.20   191.00   192.45   181.00 
 187.80   182.10   188.60   179.55 
 177.20   182.35   182.50   175.85 
 182.65   189.00   189.00   172.45 
 182.60   185.00   193.20   175.40 
 199.65   189.00   201.40   187.90 
 201.10   205.00   210.40   194.65 
 208.75   211.00   211.40   205.35 
 212.90   213.40   216.30   208.55 
 212.80   196.00   215.90   196.00 
 184.40   178.60   186.15   175.75 
 176.75   177.80   183.00   175.50 
 176.05   177.00   182.60   175.35 
 178.05   182.90   184.70   175.65 
 182.10   184.00   186.70   180.50 
 185.00   188.00   188.70   183.65 
 189.40   187.35   191.25   185.15 
 189.00   191.00   192.35   186.15 
 191.05   185.00   192.85   181.70 
 184.85   178.90   190.00   178.05 
 177.50   169.00   179.40   166.00 
 168.60   154.10   170.00   153.45 
 153.20   154.25   154.75   151.25 
 153.85   152.65   156.95   150.80 
 152.30   154.40   155.15   151.60 
 155.75   154.00   157.80   153.50 
 152.75   153.00   154.35   151.85 
 152.70   149.20   153.40   148.00 
 150.70   152.15   153.85   150.30 
 152.95   156.00   157.35   151.50 
 156.25   156.00   157.35   155.30 
 155.55   157.50   157.50   154.50 
 156.40   155.55   157.50   153.30 
 155.80   156.35   158.10   155.10 
 156.35   157.55   157.90   155.15 
 156.45   154.75   156.90   153.90 
 152.95   152.05   155.00   151.05 
 151.35   151.90   153.50   148.60 
 153.65   153.15   156.75   152.20 
 153.15   148.00   153.90   147.00 
 150.80   150.00   151.55   149.10 
 150.00   151.00   152.30   149.00 
 150.30   144.65   151.70   144.05 
 144.15   143.15   145.75   143.15 
 144.10   140.15   144.90   137.15 
 144.55   145.00   146.15   142.00 
 145.00   145.05   146.55   142.90 
 145.90   150.50   151.00   145.05 
 150.30   148.10   152.50   147.50 
 146.40   142.95   148.35   142.85 
 142.10   140.00   142.65   138.60 
 138.65   141.00   142.30   138.00 
 140.65   143.50   143.85   139.65 
 142.00   140.25   142.70   139.30 
 143.00   146.00   146.30   142.50 
 146.95   148.00   148.90   145.00 
 148.50   155.00   155.50   147.20 
 152.95   153.85   156.20   151.75 
 153.15   154.15   157.50   151.70 
 155.80   160.60   160.60   153.25 
 160.25   160.75   164.00   158.35 
 161.70   161.50   164.15   158.85 
 161.25   160.40   162.10   157.60 
 160.40   165.00   165.40   158.10 
 165.20   162.95   165.50   162.80 
 162.60   161.05   163.40   160.20 
 160.10   162.00   162.80   159.30 
 161.15   158.00   162.45   157.50 
 159.45   157.80   159.95   156.65 
 157.80   154.70   160.35   153.70 
 155.40   157.20   161.70   154.10 
 156.55   160.00   160.95   154.40 
 159.75   161.35   162.65   159.10 
 160.65   162.40   163.50   159.50 
 162.00   161.20   163.00   158.35 
 160.15   164.60   166.85   159.50 
 164.55   161.90   165.35   158.50 
 162.45   158.70   164.20   156.15 
 158.40   166.70   166.70   157.00 
 169.70   146.10   171.00   143.80 
 145.10   155.05   156.20   142.70 
 153.45   161.40   161.50   151.15 
 162.15   169.40   169.80   160.60 
 170.00   170.60   172.65   169.10 
 170.70   170.00   171.80   169.00 
 169.00   171.00   171.45   167.40 
 171.85   173.20   174.80   170.80 
 173.45   170.00   174.70   168.55 
 170.85   173.30   173.90   168.30 
 174.15   179.05   179.80   172.65 
 179.45   181.00   181.85   177.25 
 179.85   180.70   181.50   177.10 
 180.15   177.05   180.90   174.55 
 179.50   177.50   182.90   177.10 
 177.60   176.65   178.50   173.30 
 177.15   177.65   178.45   172.65 
 178.50   175.00   180.95   174.60 
 175.55   175.00   177.90   174.10 
 174.20   171.80   175.25   170.90 
 171.75   170.00   173.70   166.90 
 168.85   170.90   172.00   167.10 
 170.05   169.50   172.10   167.05 
 168.50   170.00   171.00   166.25 
 168.90   162.75   170.40   162.05 
